Solution:
  Number of routes 2
  Total cost 1314
Route 0:
  Cost 657
  Time 260
  Path : 1 0 0 1 2 4 1 2 4 3 3 3 2 0 4 
  Loc  : 1 1 12 12 1 1 1 1 14 3 3 8 12 1 1 
  Patt : 0 0 1 1 2 0 2 0 1 2 0 1 1 2 2 
  Load : 1 2 2 2 1 2 1 2 2 1 2 2 2 1 0 
Route 1:
  Cost 657
  Time 394
  Path : 12 8 8 12 12 9 14 13 13 9 9 11 11 5 5 11 5 10 13 7 7 10 10 7 14 6 14 8 6 6 
  Loc  : 2 5 12 12 2 2 2 2 11 12 2 2 2 2 8 8 2 2 2 2 12 12 2 2 2 7 11 5 8 7 
  Patt : 0 0 1 1 2 0 2 0 1 1 2 0 2 0 1 1 2 0 2 0 1 1 2 2 0 0 1 2 1 2 
  Load : 1 2 2 2 1 2 1 2 2 2 1 2 1 2 2 2 1 2 1 2 2 2 1 0 1 2 2 1 1 0 
Solution done 
