Solution:
  Number of routes 2
  Total cost 1244
Route 0:
  Cost 606
  Time 363
  Path : 8 6 6 8 10 11 10 4 4 10 8 6 13 12 13 12 12 13 2 3 3 2 9 4 1 9 9 1 3 2 
  Loc  : 2 2 12 12 5 5 5 5 12 12 2 2 2 2 9 16 2 2 2 2 12 12 5 5 5 5 11 9 2 2 
  Patt : 0 0 1 1 2 2 0 0 1 1 2 2 0 0 1 1 2 2 0 0 1 1 2 2 0 0 1 1 2 2 
  Load : 1 2 2 2 1 0 1 2 2 2 1 0 1 2 2 2 1 0 1 2 2 2 1 0 1 2 2 2 1 0 
Route 1:
  Cost 638
  Time 259
  Path : 14 11 11 14 0 0 14 0 7 5 7 7 5 1 5 
  Loc  : 0 5 8 13 4 4 0 14 2 2 2 12 12 5 2 
  Patt : 0 0 1 1 2 0 2 1 2 0 0 1 1 2 2 
  Load : 1 2 2 2 1 2 1 1 0 1 2 2 2 1 0 
Solution done 
